
41380 
					 6682 
					 35248 
					 31646 
					 35180 
					 28789 
					 36793 
					 38101 
					 39783 
					 38735 
					 40602 
					 33865 
					 41457 
					 48569 
					 49235 
					 32998 
					 25397 
					 33337 
					 11759 
					 1292 
					 4970 
					 36904 
					 37985 
					 38815 
					 37403 
					 34881 
					 857 
					 9201 
					 230 
					 32323 
					 17082 
					 31580 
					 33253 
					 22199 
					 25013 
					 6987 
					 8577 
					 34051 
					 5112 
					 6287 
					 47 
					 40054 
					 41433 
					 36001 
					 40613 
					 8676 
					 9117 
					 11235 
					 15951 
					 12669 
					 9925 
					 22147 
					 41005 
					 6547 
					 9989 
					 11111 
					 24833 
					 30654 
					 19759 
					 34611 
					 9919 
					 33506 
					 28391 
					 40532 
					 38753 
					 7647 
					 9074 
					 16518 
					 36882 
					 40507 
					 37171 
					 38002 
					 37996 
					 38572 
					 4999 
					 5342 
					 6676 
					 7817 
					 32827 
					 37994 
					 10196 
					 2251 
					 3901 
					 36873 
					 6347 
					 8516 
					 28805 
					 5081 
					 34443 
					 10330 
					 39622 
					 34636 
					 36649 
					 9513 
					 10396 
					 33462 
					 32379 
					 34055 
					 35009 
					 35676 
					 10218 
					 12113 
					 12115 
					 31904 
					 20787 
					 34572 
					 889 
					 11285 
					 4151 
					 38749 
					 32086 
					 269 
					 34618 
					 11633 
					 10490 
					 10681 
					 33985 
					 49596 
					 46352 
					 40060 
					 31043 
					 31964 
					 33486 
					 36456 
					 35459 
					 35712 
					 10719 
					 14967 
					 1690 
					 21405 
					 24913 
					 357 
					 2131 
					 40904 
					 49550 
					 38186 
					 40004 
					 37451 
					 34566 
					 28755 
					 14345 
					 21437 
					 31478 
					 32867 
					 38003 
					 34944 
					 33071 
					 41468 
					 33475 
					 35314 
					 1689 
					 10163 
					 36828 
					 12293 
					 2116 
					 37435 
					 10578 
					 28833 
					 44511 
					 28999 
					 31553 
					 30485 
					 4975 
					 59 
					 38226 
					 14741 
					 15687 
					 35608 
					 18671 
					 15879 
					 16934 
					 2167 
					 4181 
					 1818 
					 34437 
					 1575 
					 34438 
					 34439 
					 34440 
					 2904 
					 11703 
					 31318 
					 13807 
					 15037 
					 1 
					 15109 
					 17397 
					 20031 
					 1482 
					 32370 
					 44406 
					 31636 
					 17827 
					 12549 
					 34103 
					 32189 
					 33028 
					 16592 
					 16355 
					 11843 
					 8915 
					 2025 
					 7338 
					 6573 
					 35849 
					 15583 
					 19163 
					 36633 
					 6880 
					 63 
					 14353 
					 34497 
					 1535 
					 28223 
					 40056 
					 9379 
					 1726 
					 16512 
					 35120 
					 37590 
					 36524 
					 552 
					 31163 
					 31710 
					 40623 
					 37982 
					 38668 
					 41053 
					 37520 
					 38691 
					 40852 
					 223 
					 225 
					 813 
					 9330 
					 31339 
					 28121 
					 37347 
					 40454 
					 47164 
					 37348 
					 6746 
					 27833 
					 23199 
					 27831 
					 39792 
					 226 
					 2372 
					 38671 
					 40956 
					 790 
					 32901 
					 36792 
					 10851 
					 2759 
					 3784 
					 3785 
					 3786 
					 38853 
					 15 
					 39063 
					 6702 
					 48997 
					 34662 
					 33047 
					 37651 
					 38085 
					 38086 
					 41497 
					 38084 
					 356 
					 25537 
					 33049 
					 33050 
					 22297 
					 28701 
					 27821 
					 10087 
					 11741 
					 317 
					 2952 
					 5178 
					 1299 
					 227 
					 8536 
					 9367 
					 18001 
					 38680 
					 41120 
					 71 
					 72 
					 121 
					 5114 
					 430 
					 41025 
					 125 
					 126 
					 33743 
					 33731 
					 48760 
					 2890 
					 30544 
					 34280 
					 25183 
					 384 
					 395 
					 32071 
					 28907 
					 31637 
					 37140 
					 41710 
					 49930 
					 132 
					 1571 
					 32936 
					 35757 
					 820 
					 31433 
					 36369 
					 918 
					 15335 
					 9969 
					 15417 
					 34096 
					 35843 
					 36838 
					 39486 
					 28977 
					 24855 
					 14131 
					 36783 
					 14811 
					 21635 
					 39463 
					 37349 
					 39576 
					 27631 
					 33783 
					 36816 
					 37897 
					 21431 
					 268 
					 36028 
					 37989 
					 40059 
					 17895 
					 31629 
					 34279 
					 40052 
					 245 
					 133 
					 17729 
					 29101 
					 29093 
					 31324 
					 29095 
					 31368 
					 35868 
					 10793 
					 37806 
					 28791 
					 10271 
					 3002 
					 3299 
					 38830 
					 38091 
					 13161 
					 1663 
					 31859 
					 20583 
					 40262 
					 28891 
					 38883 
					 40776 
					 32935 
					 11785 
					 26023 
					 15699 
					 23619 
					 18713 
					 7596 
					 9598 
					 263 
					 5258 
					 19647 
					 34403 
					 15613 
					 18055 
					 6867 
					 20689 
					 21855 
					 32648 
					 41911 
					 30895 
					 15809 
					 37141 
					 35840 
					 27829 
					 49738 
					 42625 
					 38816 
					 270 
					 777 
					 15225 
					 21541 
					 38476 
					 41061 
					 8630 
					 28883 
					 5630 
					 40938 
					 11617 
					 24703 
					 31326 
					 32215 
					 34281 
					 15451 
					 30300 
					 12729 
					 13357 
					 8074 
					 9515 
					 934 
					 41006 
					 1889 
					 6064 
					 22835 
					 28825 
					 36296 
					 37614 
					 20853 
					 24231 
					 44042 
					 39468 
					 40815 
					 42429 
					 51616 
					 42897 
					 578 
					 10408 
					 431 
					 31338 
					 136 
					 11061 
					 13271 
					 19951 
					 10189 
					 138 
					 139 
					 137 
					 31499 
					 25689 
					 30237 
					 15377 
					 19255 
					 8277 
					 9362 
					 12189 
					 6610 
					 7088 
					 8465 
					 40046 
					 35413 
					 35891 
					 16774 
					 185 
					 468 
					 25159 
					 731 
					 249 
					 34542 
					 37497 
					 9041 
					 18247 
					 37744 
					 37210 
					 44524 
					 49220 
					 38472 
					 39988 
					 35203 
					 49438 
					 40010 
					 33012 
					 25429 
					 41783 
					 37021 
					 48753 
					 2012 
					 34565 
					 29785 
					 666 
					 14719 
					 20899 
					 26055 
					 31933 
					 37991 
					 38972 
					 665 
					 31405 
					 12413 
					 38295 
					 37281 
					 40748 
					 35639 
					 35076 
					 24873 
					 14467 
					 5680 
					 16904 
					 27991 
					 38161 
					 43691 
					 37999 
					 43609 
					 40591 
					 7054 
					 40750 
					 34933 
					 37086 
					 16668 
					 18295 
					 40716 
					 40221 
					 41312 
					 41930 
					 39198 
					 19685 
					 43969 
					 40839 
					 2593 
					 7711 
					 36256 
					 33018 
					 39326 
					 39112 
					 1691 
					 572 
					 16662 
					 6205 
					 32686 
					 24439 
					 34451 
					 37364 
					 40908 
					 36407 
					 33 
					 18679 
					 11079 
					 34964 
					 38000 
					 40456 
					 47778 
					 6045 
					 17741 
					 32281 
					 40595 
					 37960 
					 22535 
					 5042 
					 7593 
					 31798 
					 9260 
					 31757 
					 31758 
					 34104 
					 33206 
					 39247 
					 35363 
					 35145 
					 8876 
					 28851 
					 634 
					 12175 
					 34934 
					 37711 
					 34984 
					 48643 
					 36548 
					 28725 
					 35434 
					 13367 
					 38080 
					 30831 
					 32937 
					 34626 
					 38040 
					 34620 
					 8841 
					 10790 
					 16782 
					 15379 
					 43 
					 4672 
					 29325 
					 17187 
					 19191 
					 19193 
					 19195 
					 22013 
					 38799 
					 27411 
					 467 
					 1335 
					 10870 
					 801 
					 3485 
					 28623 
					 33979 
					 32267 
					 32268 
					 31804 
					 37984 
					 51064 
					 5079 
					 25283 
					 32949 
					 39017 
					 18153 
					 44276 
					 97 
					 40165 
					 13655 
					 18195 
					 14349 
					 33489 
					 19489 
					 17265 
					 23321 
					 41109 
					 38959 
					 38936 
					 40879 
					 15051 
					 19111 
					 2034 
					 32083 
					 1412 
					 35857 
					 1425 
					 17247 
					 24455 
					 34599 
					 37514 
					 37515 
					 36862 
					 41084 
					 157 
					 19769 
					 9756 
					 36266 
					 20785 
					 40497 
					 48375 
					 45572 
					 35062 
					 40571 
					 512 
					 37576 
					 9936 
					 15565 
					 21863 
					 24475 
					 40496 
					 38297 
					 14833 
					 33487 
					 31845 
					 10110 
					 7590 
					 37964 
					 11761 
					 14527 
					 37668 
					 36563 
					 42340 
					 38778 
					 20541 
					 2963 
					 5713 
					 20221 
					 5162 
					 3225 
					 14575 
					 14511 
					 875 
					 10620 
					 16762 
					 38098 
					 8424 
					 32182 
					 37510 
					 50172 
					 39651 
					 36616 
					 31251 
					 38982 
					 33051 
					 15315 
					 17074 
					 164 
					 19 
					 1109 
					 30307 
					 40708 
					 9181 
					 323 
					 23423 
					 41619 
					 40483 
					 31442 
					 457 
					 21939 
					 24701 
					 24687 
					 28957 
					 21329 
					 39535 
					 45576 
					 2926 
					 40513 
					 38150 
					 34580 
					 36847 
					 23755 
					 34577 
					 39701 
					 38397 
					 20 
					 1735 
					 1546 
					 31764 
					 601 
					 15689 
					 30 
					 31 
					 32 
					 19653 
					 36038 
					 36043 
					 31404 
					 1210 
					 10165 
					 36517 
					 18897 
					 27787 
					 11597 
					 19815 
					 33674 
					 39539 
					 40529 
					 38814 
					 40729 
					 32447 
					 20507 
					 30503 
					 18095 
					 17157 
					 6512 
					 34148 
					 28819 
					 32603 
					 6324 
					 36198 
					 21 
					 30276 
					 34134 
					 34392 
					 36431 
					 38789 
					 38061 
					 6893 
					 10380 
					 33983 
					 14199 
					 12355 
					 2966 
					 5341 
					 6884 
					 6007 
					 7769 
					 41899 
					 8769 
					 13659 
					 14749 
					 19221 
					 20939 
					 38483 
					 40807 
					 40936 
					 35484 
					 43007 
					 12059 
					 38555 
					 42282 
					 1569 
					 36027 
					 40834 
					 19369 
					 40746 
					 29803 
					 35073 
					 37675 
					 48895 
					 34161 
					 34428 
					 26243 
					 28927 
					 31181 
					 11179 
					 1943 
					 50380 
					 437 
					 40436 
					 16397 
					 22135 
					 36259 
					 329 
					 27775 
					 44961 
					 35737 
					 527 
					 528 
					 1709 
					 6201 
					 30240 
					 13601 
					 23281 
					 19315 
					 33926 
					 37932 
					 37078 
					 40080 
					 10611 
					 40958 
					 23309 
					 6114 
					 30296 
					 919 
					 14921 
					 23421 
					 34561 
					 31240 
					 38414 
					 36286 
					 39921 
					 39587 
					 42203 
					 6675 
					 33019 
					 32094 
					 30015 
					 35466 
					 32262 
					 2369 
					 31716 
					 38707 
					 28497 
					 32951 
					 22865 
					 2993 
					 4214 
					 45 
					 35905 
					 23277 
					 30727 
					 36885 
					 48761 
					 50474 
					 30749 
					 17777 
					 1254 
					 15775 
					 12531 
					 38192 
					 13759 
					 34102 
					 30187 
					 205 
					 11499 
					 37426 
					 39257 
					 2605 
					 2476 
					 30806 
					 22663 
					 21033 
					 6500 
					 10073 
					 44203 
					 33836 
					 37450 
					 38329 
					 8675 
					 47790 
					 4063 
					 5277 
					 199 
					 5507 
					 38787 
					 41456 
					 339 
					 31229 
					 38759 
					 154 
					 42205 
					 34240 
					 23273 
					 48415 
					 37396 
					 29786 
					 44037 
					 38659 
					 21843 
					 30736 
					 16498 
					 25777 
					 35760 
					 38524 
					 36106 
					 40028 
					 48583 
					 46985 
					 23233 
					 30363 
					 2596 
					 46093 
					 28171 
					 36468 
					 35838 
					 35503 
					 37952 
					 28735 
					 33095 
					 79 
					 33502 
					 41946 
					 19775 
					 35759 
					 24893 
					 35629 
					 170 
					 40597 
					 48849 
					 5958 
					 12783 
					 8407 
					 9790 
					 3588 
					 34823 
					 36655 
					 50265 
					 35847 
					 9253 
					 30484 
					 37492 
					 11577 
					 32188 
					 10863 
					 2418 
					 18277 
					 33286 
					 38004 
					 42307 
					 16524 
					 48171 
					 47194 
					 25 
					 390 
					 7311 
					 849 
					 4382 
					 11757 
					 21881 
					 27891 
					 31765 
					 36474 
					 39239 
					 39597 
					 40540 
					 40489 
					 42916 
					 36470 
					 19021 
					 48556 
					 30911 
					 34086 
					 34795 
					 407 
					 46471 
					 12445 
					 35790 
					 40356 
					 40357 
					 40594 
					 2001 
					 43690 
					 10731 
					 47159 
					 37430 
					 39551 
					 41487 
					 34177 
					 41488 
					 22687 
					 31430 
					 26 
					 41353 
					 3455 
					 13663 
					 28979 
					 31380 
					 31711 
					 13851 
					 5667 
					 37905 
					 4654 
					 2236 
					 22319 
					 27899 
					 36511 
					 37799 
					 759 
					 16011 
					 42249 
					 14227 
					 523 
					 41389 
					 4224 
					 32355 
					 6 
					 25157 
					 33581 
					 37986 
					 3728 
					 39469 
					 34019 
					 34822 
					 43523 
					 28025 
					 34902 
					 33478 
					 34604 
					 40620 
					 1293 
					 10162 
					 11113 
					 21845 
					 48580 
					 49114 
					 34368 
					 37521 
					 33352 
					 39741 
					 37987 
					 37095 
					 46095 
					 19151 
					 16742 
					 31189 
					 4720 
					 6165 
					 21085 
					 24405 
					 40907 
					 35968 
					 41094 
					 44069 
					 50404 
					 861 
					 14813 
					 39547 
					 23847 
					 37779 
					 39617 
					 28677 
					 37940 
					 39710 
					 7785 
					 34537 
					 8861 
					 32615 
					 34904 
					 35507 
					 34798 
					 38475 
					 38474 
					 37341 
					 18677 
					 50175 
					 23283 
					 1195 
					 11319 
					 1840 
					 3712 
					 5764 
					 6489 
					 11837 
					 14075 
					 16005 